2.725346e+04 0 -5.569981e+03 6.108893e+03 1.452959e+05 1.141102e+04 0 0 0 0 0 0 0 1.533007e+04 1.942646e+03 -7.673821e+04 -3.436252e+03 3.091720e+03 0 0 0 0 0 0 -5.569981e+03 1.942646e+03 5.504646e+03 -7.724332e+03 -4.104089e+03 -2.672641e+03 0 0 0 0 0 0 6.108893e+03 -7.673821e+04 -7.724332e+03 4.725216e+05 6.270369e+04 4.714281e+04 0 0 0 0 0 0 1.452959e+05 -3.436252e+03 -4.104089e+03 6.270369e+04 1.031342e+06 2.959211e+04 0 0 0 0 0 0 1.141102e+04 3.091720e+03 -2.672641e+03 4.714281e+04 2.959211e+04 1.240387e+05 0 0 0 0 0 0 0 0 0 0 0 0 4.050462e+04 0 -1.756465e+04 3.135413e+04 1.771982e+05 3.667720e+04 0 0 0 0 0 0 0 2.278385e+04 8.453177e+03 -1.130065e+05 -1.763670e+04 2.679249e+04 0 0 0 0 0 0 -1.756465e+04 8.453177e+03 2.099717e+04 -5.715116e+04 -7.914633e+04 -1.371743e+04 0 0 0 0 0 0 3.135413e+04 -1.130065e+05 -5.715116e+04 6.408210e+05 2.125980e+05 -1.962096e+04 0 0 0 0 0 0 1.771982e+05 -1.763670e+04 -7.914633e+04 2.125980e+05 9.222491e+05 9.674596e+04 0 0 0 0 0 0 3.667720e+04 2.679249e+04 -1.371743e+04 -1.962096e+04 9.674596e+04 2.413828e+05 